%YAML:1.0
---
media: !!opencv-matrix
   rows: 1
   cols: 8
   dt: d
   data: [ 4.7477841124379424e+01, 6.6772592082884188e+01,
       1.0583600591715976e+04, 1.0042769143578569e+04,
       1.0570116124260354e+04, 9.1860861479177984e+01,
       7.4893683589245441e+00, 7.5618539258462969e-01 ]
desvio: !!opencv-matrix
   rows: 1
   cols: 8
   dt: d
   data: [ 5.5772788825406728e+01, 7.4643396642085818e+01,
       1.1718798818890646e+04, 2.4222025797617353e+04,
       1.1704392375862251e+04, 5.6385747131420354e+00,
       3.8728902921790809e+00, 4.8918696909646880e-01 ]
