%YAML:1.0
---
media: !!opencv-matrix
   rows: 1
   cols: 8
   dt: d
   data: [ 4.6753266974073043e+01, 6.6299793411745114e+01,
       1.0379122599704580e+04, 9.9671781503347738e+03,
       1.0365540620384048e+04, 9.1938903059177605e+01,
       7.3957790906707510e+00, 7.6087920329749503e-01 ]
desvio: !!opencv-matrix
   rows: 1
   cols: 8
   dt: d
   data: [ 5.4960284906865951e+01, 7.4559081264861163e+01,
       1.1433644848027187e+04, 2.4162716130238048e+04,
       1.1419466989926546e+04, 5.5544294724409928e+00,
       3.8158772691203433e+00, 4.8590990050959548e-01 ]
